% state vector is (x,y)

A1=[0.626 -0.6975; 0.8719 0.626];
B1=[-0.0748; 0.1744];
x01=[-10;-0.5];

A2=[0.626 -0.6975; 0.8719 0.626];
B2=[-0.0748; 0.1744];
x02=[-1;1];

A3=[0.626 -0.6975; 0.8719 0.626];
B3=[-0.0748; 0.1744];
x03=[2;0];

A4=[0.626 -0.6975; 0.8719 0.626];
B4=[-0.0748; 0.1744];
x04=[5;-0.5];

Tfinal=20;
umax=7;

